VBLT 02012015 69.16221033868092 9.49 5.61
NERV 05012015 72.11703958691912 10.0 5.81
HCACW 06012015 92.5 0.77 0.4
ARNA 07012015 71.5846994535519 62.8 36.6
EDAP 08012015 63.596491228070185 3.73 2.28
TOPS 09012015 60.952380952380956 67600.0 42000.0
MRNS 12012015 44.97816593886465 16.6 11.45
ZIOP 13012015 70.863309352518 9.5 5.56
SMSI 14012015 31.111111111111107 7.08 5.4
ASPS 15012015 82.1606648199446 32.88 18.05
ASPS 16012015 55.743243243243235 27.66 17.76
CNET 19012015 38.6206896551724 2.01 1.45
CNET 20012015 45.512820512820504 2.27 1.56
MCEP 21012015 30.06396588486139 6.1 4.69
TRCH 22012015 100.0 0.7 0.35
TRCH 23012015 74.99999999999997 0.7 0.4
HTBX 26012015 46.976744186046524 63.2 43.0
ADXS 27012015 42.051282051282044 166.2 117.0
GENE 28012015 274.4 18.72 5.0
GENE 29012015 145.77464788732397 13.96 5.68
GURE 30012015 40.44117647058822 1.91 1.36
MTSL 02022015 187.49999999999994 2.3 0.8
GENE 03022015 74.36974789915969 16.6 9.52
GENE 04022015 56.01374570446735 18.16 11.64
EARS 05022015 62.131519274376416 1430.0 882.0
ATOS 06022015 61.739130434782616 334.8 207.0
FNJN 09022015 40.70351758793969 2.8 1.99
BLDP 10022015 67.46987951807229 2.78 1.66
GENE 11022015 101.04712041884815 30.72 15.28
FREE 12022015 111.11111111111111 114000.0 54000.0
RCKY 13022015 22.295952222959517 18.43 15.07
ONCY 16022015 45.09803921568627 0.74 0.51
EGRX 17022015 65.85695006747638 36.87 22.23
EGRX 18022015 53.817224520496424 40.9 26.59
GEVO 19022015 40.0 1680.0 1200.0
BIOC 20022015 103.44827586206897 8.85 4.35
BIOC 23022015 110.5263157894737 10.8 5.13
BIOC 24022015 87.40458015267176 14.73 7.86
ATOS 25022015 68.78980891719743 477.0 282.6
CYCC 26022015 200.0 25.56 8.52
NYMX 27022015 124.39024390243902 0.92 0.41
ONCY 02032015 74.99999999999997 1.4 0.8
AVEO 03032015 40.9090909090909 1.55 1.1
SGOC 04032015 68.08510638297875 3.16 1.88
KBSF 05032015 74.20494699646642 73.95 42.45
HTBX 06032015 60.766961651917406 109.0 67.8
REPH 09032015 66.57303370786516 5.93 3.56
REPH 10032015 61.845386533665845 6.49 4.01
AMRN 11032015 34.3915343915344 2.54 1.89
EPZM 12032015 44.68447981807845 25.45 17.59
ATLC 13032015 42.7027027027027 2.64 1.85
REPH 16032015 48.82943143812709 8.9 5.98
RTRX 17032015 54.90797546012271 20.2 13.04
VBLT 18032015 53.37423312883437 5.0 3.26
VBLT 19032015 91.12426035502959 6.46 3.38
RADA 20032015 98.75776397515527 6.4 3.22
ORMP 23032015 107.25388601036272 8.0 3.86
ORMP 24032015 60.676532769556005 7.6 4.73
CARV 25032015 28.607594936708857 5.08 3.95
CLWT 26032015 52.17391304347828 3.85 2.53
CLWT 27032015 68.96551724137933 4.41 2.61
GENE 30032015 43.50000000000001 22.96 16.0
NYMX 31032015 120.9677419354839 1.37 0.62
NYMX 01042015 125.5813953488372 1.94 0.86
NYMX 02042015 33.07692307692307 1.73 1.3
QURE 03042015 55.29308836395451 35.5 22.86
TRCH 06042015 40.0 0.42 0.3
OPTT 07042015 45.83333333333333 140.0 96.0
HERO 08042015 50.000000000000014 0.87 0.58
KBSF 09042015 96.22222222222221 132.45 67.5
BLDR 10042015 72.1407624633431 11.74 6.82
KBSF 13042015 83.60655737704919 168.0 91.5
TRCH 14042015 51.61290322580644 0.47 0.31
MNOV 15042015 69.05444126074498 5.9 3.49
AVEO 16042015 33.108108108108105 1.97 1.48
NYMX 17042015 87.09677419354837 1.74 0.93
BIOC 20042015 77.92207792207793 12.33 6.93
GEVO 21042015 128.78787878787878 1208.0 528.0
GEVO 22042015 42.857142857142854 1200.0 840.0
ANY 23042015 51.12540192926046 4.7 3.11
KBSF 24042015 114.33021806853583 206.4 96.3
FREE 27042015 33.33333333333333 24000.0 18000.0
BPTH 28042015 50.37037037037037 406.0 270.0
TRCH 29042015 71.87500000000001 0.55 0.32
BOSC 30042015 86.91588785046727 4.0 2.14
FREE 01052015 100.0 24000.0 12000.0
MICT 04052015 52.14007782101169 3.91 2.57
FATE 05052015 96.86098654708519 8.78 4.46
GEVO 06052015 149.3877551020408 2444.0 980.0
GEVO 07052015 120.73170731707317 2896.0 1312.0
FREE 08052015 666.6666666666667 138000.0 18000.0
TRCH 11052015 64.28571428571428 1.15 0.7
ICCC 12052015 45.56962025316456 8.05 5.53
VBLT 13052015 91.62162162162161 7.09 3.7
BSQR 14052015 54.41176470588235 6.3 4.08
LTBR 15052015 116.2962962962963 14.6 6.75
TANH 18052015 39.922480620155035 14.44 10.32
SRPT 19052015 73.1108312342569 27.49 15.88
AVEO 20052015 133.33333333333331 3.5 1.5
FREE 21052015 66.66666666666666 60000.0 36000.0
FFHL 22052015 18.91891891891892 0.88 0.74
CBLI 25052015 82.38341968911918 3.52 1.93
CBLI 26052015 116.75392670157065 4.14 1.91
CPAH 27052015 76.36363636363636 9.7 5.5
TBIO 28052015 134.37499999999997 3.75 1.6
IMGN 29052015 77.82754759238524 15.88 8.93
TRCH 01062015 93.06930693069306 1.95 1.01
BLFS 02062015 137.4331550802139 4.44 1.87
BRLI 03062015 43.90394088669953 46.74 32.48
LTBR 04062015 37.404580152671755 9.0 6.55
BIOL 05062015 48.85496183206107 9.75 6.55
LPTH 08062015 99.20000000000002 2.49 1.25
RCON 09062015 80.98159509202456 2.95 1.63
ATLC 10062015 56.57894736842104 4.76 3.04
TRCH 11062015 53.44827586206898 1.78 1.16
FREE 12062015 60.0 48000.0 30000.0
FREE 15062015 350.0 108000.0 24000.0
FREE 16062015 33.33333333333333 72000.0 54000.0
REPH 17062015 33.61661945231351 14.15 10.59
LIVE 18062015 40.869565217391326 3.24 2.3
FREE 19062015 83.33333333333334 66000.0 36000.0
FREE 22062015 57.14285714285714 66000.0 42000.0
TIGR 23062015 70.0 0.51 0.3
CBLI 24062015 163.27272727272728 7.24 2.75
CARV 25062015 43.568464730290444 6.92 4.82
MCRB 26062015 55.99430807541801 43.85 28.11
FREE 29062015 52.0 45600.0 30000.0
SHIP 30062015 100.0 78.0 39.0
CFMS 01072015 46.97569248162803 26.0 17.69
IPDN 02072015 31.16883116883117 16.16 12.32
CATB 03072015 36.77419354838709 169.6 124.0
IPDN 06072015 68.50828729281766 24.4 14.48
STRM 07072015 152.94117647058826 2.58 1.02
OXBRW 08072015 33.33333333333333 0.88 0.66
MRNS 09072015 38.099717779868286 14.68 10.63
ABIO 10072015 39.63963963963963 195.3 139.86
SHIP 13072015 56.25 75.0 48.0
SHIP 14072015 60.0 90.0 56.25
SHIP 15072015 80.0 108.0 60.0
ETSY 16072015 43.62745098039216 23.44 16.32
EXEL 17072015 56.020942408376975 5.96 3.82
CBLI 20072015 39.05325443786983 4.7 3.38
SHIP 21072015 71.95121951219512 105.75 61.5
ESEA 22072015 1151.6666666666667 7.51 0.6
SPRO 23072015 38.88888888888889 2.0 1.44
NYMX 24072015 157.93650793650792 3.25 1.26
NYMX 27072015 97.93103448275863 2.87 1.45
NHTC 28072015 49.48024948024949 35.95 24.05
NETE 29072015 78.57142857142858 2.5 1.4
NETE 30072015 308.33333333333337 4.9 1.2
EYEGW 31072015 198.50746268656715 2.0 0.67
NETE 03082015 74.99999999999999 6.3 3.6
HERO 04082015 100.0 0.12 0.06
HERO 05082015 71.4285714285714 0.12 0.07
ZEUS 06082015 104.68749999999997 13.1 6.4
ZYNE 07082015 121.90574831693426 42.85 19.31
FORD 10082015 509.375 3.9 0.64
FORD 11082015 94.56521739130434 1.79 0.92
GALT 12082015 69.03553299492387 3.33 1.97
ONTX 13082015 123.463687150838 600.0 268.5
AVEO 14082015 127.19298245614037 2.59 1.14
OMER 17082015 130.23610053313024 30.23 13.13
CRBP 18082015 126.88172043010748 4.22 1.86
SYPR 19082015 49.999999999999986 1.89 1.26
NETE 20082015 37.50000000000001 2.2 1.6
SQQQ 21082015 81.89167340339533 720.0 395.84
CBIO 24082015 941.6666666666666 150.0 14.4
TRCH 25082015 108.33333333333334 1.0 0.48
FORD 26082015 120.45454545454545 2.91 1.32
CSBR 27082015 80.0 9.0 5.0
BLFS 28082015 111.1111111111111 4.18 1.98
GYRO 31082015 1013.3574007220217 30.84 2.77
BVXV 01092015 71.00591715976333 5.78 3.38
TRVN 02092015 29.641693811074898 11.94 9.21
BLIN 03092015 61.53846153846154 105.0 65.0
DCTH 04092015 21.95121951219513 0.5 0.41
BUSE 07092015 235.96774193548384 20.83 6.2
AKBA 08092015 95.05494505494504 14.2 7.28
HOVNP 09092015 46.98795180722891 7.32 4.98
VVUS 10092015 55.55555555555556 21.0 13.5
CETX 11092015 57.272727272727295 41.52 26.4
EYEGW 14092015 64.28571428571428 1.15 0.7
ITCI 15092015 94.18423106947697 49.75 25.62
AERI 16092015 88.59897901304595 33.25 17.63
TIGR 17092015 284.6153846153846 1.0 0.26
AEZS 18092015 100.0 10.0 5.0
VBLT 21092015 59.57142857142858 11.17 7.0
NSEC 22092015 43.610108303249106 19.89 13.85
MYOS 23092015 41.052631578947384 2.68 1.9
BLPH 24092015 116.43059490084985 7.64 3.53
CHCI 25092015 825.4545454545454 5.09 0.55
LINC 28092015 52.941176470588225 0.26 0.17
LINC 29092015 199.99999999999997 0.6 0.2
LINC 30092015 150.0 0.6 0.24
LINC 01102015 100.0 0.88 0.44
LINC 02102015 103.77358490566037 1.08 0.53
NXTD 05102015 37.5 9.9 7.2
GIGM 06102015 40.476190476190474 2.95 2.1
MBII 07102015 53.811659192825125 3.43 2.23
APDN 08102015 43.0 8.58 6.0
SGOC 09102015 59.45945945945945 2.36 1.48
SGOC 12102015 56.097560975609774 2.56 1.64
CASI 13102015 82.0 1.82 1.0
FPRX 14102015 75.36945812807883 28.48 16.24
OPHC 15102015 66.66666666666666 7.5 4.5
HGSH 16102015 64.59627329192546 2.65 1.61
ERII 19102015 240.0 8.16 2.4
IPDN 20102015 54.71698113207546 6.56 4.24
CHNR 21102015 85.27131782945737 2.39 1.29
CHNR 22102015 62.222222222222214 2.19 1.35
RDIB 23102015 59.19282511210761 17.75 11.15
STAF 26102015 43.26647564469915 25.0 17.45
JAGX 27102015 59.5 3349.5 2100.0
JAGX 28102015 83.33333333333334 4042.5 2205.0
JAGX 29102015 63.76306620209059 4935.0 3013.5
CPAH 30102015 87.50000000000001 5.25 2.8
BNSO 02112015 195.45454545454544 3.25 1.1
BNSO 03112015 106.95652173913044 2.38 1.15
EYEG 04112015 109.20502092050208 75.0 35.85
EYEG 05112015 57.794676806083636 62.25 39.45
XOMA 06112015 44.53781512605041 34.4 23.8
HERO 09112015 140.06622516556294 14.5 6.04
AVXL 10112015 78.8888888888889 6.44 3.6
MNKD 11112015 71.59090909090907 15.1 8.8
SYPR 12112015 149.0909090909091 2.74 1.1
MYOS 13112015 190.4411764705882 3.95 1.36
MYOS 16112015 57.6271186440678 2.79 1.77
AVXL 17112015 90.82278481012658 6.03 3.16
AVXL 18112015 79.84496124031007 6.96 3.87
RKDA 19112015 63.38983050847459 96.4 59.0
AEZS 20112015 171.1598746081505 8.65 3.19
AEZS 23112015 248.88888888888889 15.7 4.5
NETE 24112015 233.33333333333334 2.0 0.6
NETE 25112015 74.99999999999997 1.4 0.8
RPRX 26112015 52.57142857142857 2.67 1.75
NETE 27112015 107.14285714285714 2.9 1.4
MTBCP 30112015 Infinity 31.76 0.0
NETE 01122015 53.57142857142857 4.3 2.8
SGOC 02122015 44.73684210526317 2.2 1.52
LIVE 03122015 93.52517985611512 2.69 1.39
NETE 04122015 111.1111111111111 3.8 1.8
STAF 07122015 61.891891891891895 29.95 18.5
STAF 08122015 112.96296296296295 28.75 13.5
LIVE 09122015 60.97560975609757 3.3 2.05
PXS 10122015 98.23529411764707 3.37 1.7
PXS 11122015 69.44444444444443 3.05 1.8
KTOVW 14122015 115.38461538461537 1.4 0.65
ENPH 15122015 103.61990950226246 4.5 2.21
MYOS 16122015 165.06024096385545 4.4 1.66
FREE 17122015 100.0 240.0 120.0
EYEGW 18122015 62.222222222222214 0.73 0.45
CCRC 21122015 173.120728929385 11.99 4.39
ADMS 22122015 94.65744814582024 30.97 15.91
ATEC 23122015 100.0 4.56 2.28
OPHC 24122015 41.66666666666665 5.1 3.6
VKTX 25122015 137.15596330275227 5.17 2.18
VKTX 28122015 87.21461187214611 4.1 2.19
CBIO 29122015 69.25925925925925 68.55 40.5
FREE 30122015 100.0 240.0 120.0
SYPR 31122015 112.26415094339622 2.25 1.06
SGOC 04012016 150.0 3.4 1.36
FREE 05012016 100.0 240.0 120.0
CPAH 06012016 90.5940594059406 3.85 2.02
LMFAW 07012016 147.5 1.98 0.8
OXBRW 08012016 111.53846153846155 0.55 0.26
RCON 11012016 91.22807017543863 2.18 1.14
JAGX 12012016 59.16955017301038 4830.0 3034.5
NXTD 13012016 97.14285714285715 6.9 3.5
NXTD 14012016 78.04878048780489 7.3 4.1
PXS 15012016 62.295081967213115 0.99 0.61
NXTD 18012016 80.82191780821917 13.2 7.3
OPTT 19012016 87.02290076335878 49.0 26.2
LTBR 20012016 96.07843137254903 5.0 2.55
TOPS 21012016 138.46153846153845 12400.0 5200.0
KGJI 22012016 89.0909090909091 1.04 0.55
SGOC 25012016 193.57798165137615 6.4 2.18
IDXG 26012016 109.99999999999999 0.42 0.2
MTBCP 27012016 Infinity 24.37 0.0
EYEGW 28012016 168.1818181818182 0.59 0.22
AGFSW 29012016 308.695652173913 0.94 0.23
EYEG 01022016 134.6368715083799 63.0 26.85
KBSF 02022016 112.82051282051282 12.45 5.85
FREE 03022016 75.0 28.0 16.0
ONTX 04022016 96.875 94.5 48.0
BLIN 05022016 67.44186046511628 36.0 21.5
FREE 08022016 220.00000000000003 32.0 10.0
FREE 09022016 83.33333333333334 22.0 12.0
GLBS 10022016 66.66666666666667 8.0 4.8
NXTD 11022016 114.28571428571428 7.5 3.5
CYRXW 12022016 47.499999999999986 0.59 0.4
ATOS 15022016 77.41935483870968 99.0 55.8
AGFSW 16022016 120.00000000000001 0.77 0.35
WVE 17022016 80.50108932461875 16.57 9.18
FFHL 18022016 102.85714285714288 0.71 0.35
LMFAW 19022016 166.66666666666669 0.96 0.36
GLBS 22022016 70.0 6.8 4.0
AGFSW 23022016 42.85714285714285 0.8 0.56
TOPS 24022016 120.41884816753927 16840.0 7640.0
AGFSW 25022016 54.90196078431373 0.79 0.51
ALDX 26022016 59.452054794520556 5.82 3.65
IDXG 29022016 52.63157894736841 0.29 0.19
OXBRW 01032016 94.0 0.97 0.5
IPDN 02032016 154.54545454545453 6.72 2.64
EGLE 03032016 102.94117647058825 27.6 13.6
EGLE 04032016 386.11111111111114 70.0 14.4
GLBS 07032016 163.6363636363636 11.6 4.4
ASTC 08032016 121.83098591549297 3.15 1.42
VCEL 09032016 134.44976076555025 4.9 2.09
GLBS 10032016 50.000000000000014 7.2 4.8
ZYNE 11032016 176.41025641025638 21.56 7.8
OXBRW 14032016 166.66666666666669 0.8 0.3
CHNR 15032016 126.05042016806722 2.69 1.19
HTBX 16032016 248.61111111111111 25.1 7.2
OXBRW 17032016 115.15151515151514 0.71 0.33
HGSH 18032016 134.1935483870968 3.63 1.55
MTSL 21032016 79.16666666666667 1.29 0.72
SMMT 22032016 69.01408450704226 7.2 4.26
INVE 23032016 28.57142857142857 2.25 1.75
CTIB 24032016 24.242424242424246 6.15 4.95
SINO 25032016 39.99999999999999 0.7 0.5
CYRX 28032016 43.529411764705884 2.44 1.7
DRIOW 29032016 93.75000000000003 0.93 0.48
SKYS 30032016 130.35714285714283 2.58 1.12
SKYS 31032016 323.0769230769231 5.5 1.3
SKYS 01042016 164.75409836065575 6.46 2.44
FREE 04042016 100.0 4.0 2.0
IDXG 05042016 64.51612903225808 0.51 0.31
VKTX 06042016 110.94890510948905 2.89 1.37
HGSH 07042016 93.45238095238096 3.25 1.68
VKTXW 08042016 580.0000000000001 0.34 0.05
GLBS 11042016 66.66666666666666 18.0 10.8
RPRX 12042016 177.77777777777777 2.25 0.81
RPRX 13042016 258.7628865979381 3.48 0.97
IDXG 14042016 68.42105263157895 0.64 0.38
LEDS 15042016 878.125 3.13 0.32
TOPS 18042016 74.21052631578947 13240.0 7600.0
KBSF 19042016 62.85714285714287 8.55 5.25
ALIM 20042016 168.22916666666669 5.15 1.92
AMD 21042016 53.46153846153846 3.99 2.6
CLRBZ 22042016 163.88888888888889 0.95 0.36
CLRBZ 25042016 110.00000000000001 1.05 0.5
SRPT 26042016 47.50000000000001 11.8 8.0
GLBS 27042016 115.625 27.6 12.8
GLBS 28042016 439.39393939393943 71.2 13.2
GLBS 29042016 62.121212121212125 42.8 26.4
AXTI 02052016 53.124999999999986 3.92 2.56
KBSF 03052016 59.09090909090909 5.25 3.3
SYNC 04052016 192.64705882352942 3.98 1.36
TAIT 05052016 76.47058823529413 1.5 0.85
VBIV 06052016 121.10552763819096 4.4 1.99
OXBRW 09052016 100.0 0.32 0.16
CCXI 10052016 80.0 4.86 2.7
CCXI 11052016 61.03448275862069 4.67 2.9
HTGM 12052016 73.75 4.17 2.4
VTNR 13052016 48.913043478260875 1.37 0.92
NETE 16052016 64.28571428571428 4.6 2.8
OXBRW 17052016 135.2941176470588 0.8 0.34
GLBS 18052016 93.33333333333333 23.2 12.0
CLRB 19052016 297.0 39.7 10.0
CLRB 20052016 365.0943396226415 49.3 10.6
AKER 23052016 42.35294117647059 2.42 1.7
CLRBZ 24052016 83.54430379746834 1.45 0.79
NERV 25052016 283.18840579710144 13.22 3.45
LMFAW 26052016 70.0 0.85 0.5
LMFAW 27052016 34.92063492063492 0.85 0.63
BOSC 30052016 123.50230414746544 4.85 2.17
OPTT 31052016 365.068493150685 135.8 29.2
OPTT 01062016 258.7878787878788 118.4 33.0
JVA 02062016 68.0327868852459 6.15 3.66
VBLT 03062016 104.86486486486486 7.58 3.7
AEHR 06062016 235.29411764705884 3.42 1.02
BLIN 07062016 362.66666666666663 173.5 37.5
BLPH 08062016 199.34640522875816 4.58 1.53
CBIO 09062016 123.84105960264904 50.7 22.65
RKDA 10062016 85.3146853146853 53.0 28.6
RKDA 13062016 46.524064171122994 54.8 37.4
PULM 14062016 95.10869565217392 35.9 18.4
PULM 15062016 82.01058201058201 34.4 18.9
NVCN 16062016 100.0 880.0 440.0
NVCN 17062016 146.15384615384613 1280.0 520.0
ANDAR 20062016 81.24999999999999 0.29 0.16
KBSF 21062016 363.1578947368421 13.2 2.85
KBSF 22062016 139.1304347826087 8.25 3.45
LMFAW 23062016 142.49999999999997 0.97 0.4
TANH 24062016 95.1111111111111 4.39 2.25
ZSAN 27062016 121.35922330097087 45.6 20.6
CYRX 28062016 60.11904761904761 2.69 1.68
HCACW 29062016 62.5 0.65 0.4
EYEGW 30062016 2066.666666666667 0.65 0.03
CLRBZ 01072016 26.08695652173914 0.87 0.69
LEDS 04072016 82.77511961722489 3.82 2.09
TRCH 05072016 210.71428571428567 1.74 0.56
LEDS 06072016 309.7472924187726 11.35 2.77
LEDS 07072016 152.27272727272725 11.1 4.4
BLFS 08072016 135.5263157894737 3.58 1.52
EYEGW 11072016 103.33333333333334 0.61 0.3
TAIT 12072016 64.07766990291262 1.69 1.03
OPTT 13072016 93.47079037800685 112.6 58.2
OPTT 14072016 201.49253731343282 202.0 67.0
KBSF 15072016 88.0 7.05 3.75
OPTT 18072016 64.22628951747087 197.4 120.2
OPGN 19072016 229.78723404255322 2325.0 705.0
DCTH 20072016 1479.1666666666665 3.79 0.24
TCCO 21072016 185.9778597785978 7.75 2.71
CCCL 22072016 118.3453237410072 6.07 2.78
CLRBZ 25072016 84.00000000000001 0.92 0.5
MDGS 26072016 150.0 130.0 52.0
EVOK 27072016 110.25641025641025 3.28 1.56
SIEB 28072016 88.03418803418806 2.2 1.17
TOPS 29072016 180.23715415019763 28360.0 10120.0
SHIP 01082016 180.14184397163123 118.5 42.3
CHNR 02082016 90.96385542168676 3.17 1.66
CHEK 03082016 170.16129032258064 40.2 14.88
CHEK 04082016 94.3181818181818 41.04 21.12
ISNS 05082016 171.91489361702125 6.39 2.35
HGSH 08082016 44.34389140271493 3.19 2.21
KBSF 09082016 76.74418604651163 11.4 6.45
ONTXW 10082016 118.00000000000001 1.09 0.5
ACIA 11082016 46.27462598133609 98.75 67.51
IPDN 12082016 74.50980392156863 7.12 4.08
AUPH 15082016 56.896551724137936 2.73 1.74
MBII 16082016 106.89655172413795 1.8 0.87
GWGH 17082016 50.52083333333335 11.56 7.68
CNET 18082016 207.69230769230768 2.4 0.78
OXBRW 19082016 71.42857142857143 0.6 0.35
KBSF 22082016 124.13793103448279 9.75 4.35
NYMX 23082016 95.72649572649574 4.58 2.34
NYMX 24082016 138.2716049382716 5.79 2.43
EGLE 25082016 108.89261744966441 12.45 5.96
CSBR 26082016 65.76576576576576 1.84 1.11
APOPW 29082016 61.818181818181806 0.89 0.55
ANDAW 30082016 50.0 0.18 0.12
JAGX 31082016 42.63565891472868 1932.0 1354.5
SIEB 01092016 47.82608695652175 1.7 1.15
NVFY 02092016 30.208333333333336 1.25 0.96
NVFY 05092016 44.00000000000001 1.8 1.25
LMFAW 06092016 74.28571428571429 0.61 0.35
OXBRW 07092016 70.58823529411762 0.58 0.34
APVO 08092016 43.05555555555554 3.09 2.16
RESN 09092016 43.902439024390254 6.49 4.51
NYMX 12092016 49.99999999999999 4.08 2.72
ACST 13092016 147.2 3.09 1.25
ACST 14092016 107.97101449275364 2.87 1.38
IDXG 15092016 49.999999999999986 0.24 0.16
SRPT 16092016 100.71454090746697 56.18 27.99
SRPT 19092016 102.13523131672595 56.8 28.1
LMFAW 20092016 126.66666666666669 0.68 0.3
CZR 21092016 63.99394856278365 10.84 6.61
BLRX 22092016 42.00000000000001 21.3 15.0
CLSD 23092016 45.99999999999999 16.79 11.5
AHPI 26092016 54.54545454545453 0.85 0.55
IPDN 27092016 111.7863720073665 11.5 5.43
TYHT 28092016 357.47282608695656 33.67 7.36
LMFAW 29092016 143.90243902439028 1.0 0.41
RELV 30092016 159.42028985507244 12.53 4.83
SMMT 03102016 130.18648018648017 19.75 8.58
CPRX 04102016 44.95412844036697 1.58 1.09
AUPH 05102016 61.18980169971674 5.69 3.53
LPCN 06102016 43.55231143552311 5.9 4.11
ASMB 07102016 41.87499999999999 11.35 8.0
KTOVW 10102016 72.29729729729729 2.55 1.48
HTGM 11102016 101.35746606334844 4.45 2.21
AMRS 12102016 60.9375 15.45 9.6
SPI 13102016 46.315789473684205 2.78 1.9
WINS 14102016 41.19159879982855 32.94 23.33
MMYT 17102016 61.518987341772146 31.9 19.75
TCCO 18102016 93.18181818181816 4.25 2.2
MBRX 19102016 85.95744680851064 4.37 2.35
WHLM 20102016 61.37142857142857 14.12 8.75
OXBRW 21102016 58.82352941176471 0.54 0.34
NXTD 24102016 39.04761904761905 4.38 3.15
AHPI 25102016 50.39370078740156 1.91 1.27
PRQR 26102016 59.63302752293577 8.7 5.45
GRVY 27102016 183.11111111111111 6.37 2.25
GRVY 28102016 97.60683760683763 5.78 2.925
ATOS 31102016 55.55555555555556 28.56 18.36
NVCN 01112016 43.39622641509434 760.0 530.0
CPAAW 02112016 54.74452554744526 4.24 2.74
DCTH 03112016 105.66037735849056 3.27 1.59
ANDAR 04112016 158.06451612903228 0.8 0.31
CLRBZ 07112016 36.36363636363635 0.75 0.55
LMFAW 08112016 194.11764705882348 0.5 0.17
LMFAW 09112016 125.0 0.45 0.2
EYEGW 10112016 209.99999999999997 0.62 0.2
CPAAW 11112016 124.58628841607562 9.5 4.23
ESEA 14112016 331.11111111111114 5.82 1.35
GLBS 15112016 604.4776119402985 236.0 33.5
SINO 16112016 311.5942028985507 14.2 3.45
SCON 17112016 124.61538461538461 29.2 13.0
CHNR 18112016 103.34928229665073 4.25 2.09
AGFSW 21112016 128.57142857142856 0.16 0.07
ESEA 22112016 101.05263157894737 3.82 1.9
IDXG 23112016 75.00000000000001 0.14 0.08
IDXG 24112016 114.28571428571426 0.3 0.14
IDXG 25112016 233.33333333333334 0.4 0.12
GLBS 28112016 166.8 66.7 25.0
GLBS 29112016 186.6013071895425 87.7 30.6
GLBS 30112016 64.06249999999999 84.0 51.2
NVCN 01122016 92.15686274509804 980.0 510.0
COWN 02122016 347.2463768115942 15.43 3.45
FFHL 05122016 428.8461538461538 2.75 0.52
IDXG 06122016 170.0 0.27 0.1
IDXG 07122016 900.0000000000002 1.2 0.12
IDXG 08122016 450.0000000000001 1.98 0.36
TBIO 09122016 124.00000000000003 0.56 0.25
OPGN 12122016 198.0769230769231 1550.0 520.0
VCEL 13122016 78.43137254901961 4.55 2.55
CBIO 14122016 167.9245283018868 21.3 7.95
ESEA 15122016 107.0921985815603 2.92 1.41
WINS 16122016 81.19544801679372 164.0 90.51
WINS 19122016 46.645806303899874 192.15 131.03
ANY 20122016 144.44444444444446 0.44 0.18
ANY 21122016 104.99999999999999 0.41 0.2
HCACW 22122016 133.33333333333331 0.77 0.33
MBRX 23122016 30.666666666666664 1.96 1.5
MBRX 26122016 83.6734693877551 3.6 1.96
CYCC 27122016 56.455696202531634 6.18 3.95
IDXG 28122016 1216.9811320754716 6.98 0.53
AGFSW 29122016 76.92307692307693 0.23 0.13
IDXG 30122016 224.60136674259684 14.25 4.39
DRIOW 03012017 418.1818181818182 0.57 0.11
CERC 04012017 49.397590361445786 1.24 0.83
MYOS 05012017 50.0 1.62 1.08
DFFN 06012017 178.15533980582526 85.95 30.9
DFFN 09012017 614.2857142857143 232.5 32.55
MYOS 10012017 491.5254237288137 6.98 1.18
APOPW 11012017 400.0 1.25 0.25
NAKD 12012017 279.38144329896903 18.4 4.85
GLBS 13012017 141.33333333333334 72.4 30.0
PULM 16012017 176.47058823529412 18.8 6.8
GLBS 17012017 117.47126436781608 94.6 43.5
GLBS 18012017 101.48936170212765 94.7 47.0
SPRT 19012017 224.67532467532467 2.5 0.77
MRNS 20012017 76.41509433962264 1.87 1.06
NHLDW 23012017 167.85714285714283 0.75 0.28
PULM 24012017 103.0 20.3 10.0
FFHL 25012017 136.36363636363635 5.2 2.2
PULM 26012017 139.43661971830988 34.0 14.2
EYEGW 27012017 80.0 0.45 0.25
JAGX 30012017 107.84313725490196 1113.0 535.5
PULM 31012017 120.0 44.0 20.0
PULM 01022017 217.27272727272725 69.8 22.0
NAKD 02022017 276.984126984127 23.75 6.3
CFBK 03022017 59.64912280701755 20.02 12.54
EYES 06022017 84.9673202614379 2.83 1.53
NETE 07022017 77.01149425287358 1.54 0.87
SKYS 08022017 110.46511627906979 3.62 1.72
KBSF 09022017 357.59999999999997 11.44 2.5
MYSZ 10022017 333.76623376623377 16.7 3.85
LMFAW 13022017 250.0 0.14 0.04
ZSAN 14022017 93.88888888888887 69.8 36.0
SGLBW 15022017 81.8181818181818 1.0 0.55
TOPS 16022017 125.0 19800.0 8800.0
MOSY 17022017 54.867256637168126 70.0 45.2
EYEGW 20022017 192.8571428571428 0.41 0.14
EYEGW 21022017 156.52173913043475 0.59 0.23
CETXW 22022017 208.0 0.77 0.25
CETXW 23022017 84.78260869565216 0.85 0.46
HTGM 24022017 195.0 3.54 1.2
HTGM 27022017 142.4 3.03 1.25
LMFAW 28022017 177.7777777777778 0.25 0.09
AUPH 01032017 67.59776536312849 6.0 3.58
ATEC 02032017 71.0914454277286 5.8 3.39
CETXW 03032017 166.66666666666669 0.8 0.3
MYSZ 06032017 70.22222222222223 3.83 2.25
HEAR 07032017 47.05882352941176 6.0 4.08
CLSN 08032017 57.14285714285715 0.33 0.21
LMFAW 09032017 291.66666666666663 0.47 0.12
LMFAW 10032017 283.33333333333337 0.46 0.12
AEMD 13032017 43.06358381502891 4.95 3.46
CPRX 14032017 58.03571428571427 1.77 1.12
TOPS 15032017 138.0952380952381 10000.0 4200.0
TOPS 16032017 99.10714285714286 8920.0 4480.0
ESPR 17032017 108.87690044139285 42.59 20.39
PULM 20032017 52.98507462686567 41.0 26.8
PULM 21032017 65.70397111913357 45.9 27.7
HTGM 22032017 147.4747474747475 4.9 1.98
HTGM 23032017 364.91228070175436 13.25 2.85
APOPW 24032017 248.57142857142858 3.66 1.05
CBIO 27032017 273.1225296442688 18.88 5.06
TNXP 28032017 142.89405684754522 940.0 387.0
EYESW 29032017 66.66666666666666 0.45 0.27
EYEGW 30032017 240.0 0.51 0.15
CYCC 31032017 94.39528023598818 6.59 3.39
CYCC 03042017 164.5631067961165 10.9 4.12
EYEGW 04042017 277.77777777777777 0.34 0.09
AKTX 05042017 71.13783533765032 18.5 10.81
SSKN 06042017 116.00000000000001 5.4 2.5
AGFSW 07042017 80.00000000000001 0.54 0.3
WINT 10042017 48.214285714285694 1.66 1.12
NOVN 11042017 55.13833992094862 7.85 5.06
STAF 12042017 62.96296296296296 6.6 4.05
MOSY 13042017 27.551020408163257 25.0 19.6
CBLI 14042017 212.82051282051282 4.88 1.56
CBLI 17042017 136.45320197044336 4.8 2.03
SNGX 18042017 109.91735537190084 5.08 2.42
AGFSW 19042017 64.28571428571428 0.69 0.42
SNGXW 20042017 75.00000000000001 1.12 0.64
OPTT 21042017 108.52272727272727 73.4 35.2
EYEGW 24042017 281.8181818181818 0.42 0.11
MTBC 25042017 383.87096774193543 1.5 0.31
MTBC 26042017 395.4545454545455 2.18 0.44
AGFSW 27042017 126.66666666666669 0.68 0.3
LMFAW 28042017 150.0 0.3 0.12
LMFAW 01052017 115.3846153846154 0.28 0.13
PIRS 02052017 69.65811965811967 3.97 2.34
NHLDW 03052017 300.0 0.56 0.14
WKHS 04052017 92.24137931034484 4.46 2.32
INPX 05052017 229.28571428571428 5532.0 1680.0
NHLDW 08052017 147.61904761904765 0.52 0.21
MTBC 09052017 109.83606557377048 3.84 1.83
EYEGW 10052017 71.4285714285714 0.24 0.14
EYEGW 11052017 92.3076923076923 0.25 0.13
CBMG 12052017 98.01980198019803 10.0 5.05
LTBR 15052017 54.41176470588235 2.1 1.36
SNDX 16052017 70.44444444444444 15.34 9.0
GLYC 17052017 125.29182879377434 11.58 5.14
GLYC 18052017 103.0513176144244 14.64 7.21
PAVMW 19052017 158.85714285714286 4.53 1.75
MARA 22052017 75.00000000000001 1.12 0.64
GLBS 23052017 105.8139534883721 17.7 8.6
SPI 24052017 650.0 2.4 0.32
SPI 25052017 310.86956521739125 1.89 0.46
AEZS 26052017 24.210526315789473 1.18 0.95
CLSN 29052017 1400.0 3.45 0.23
YTEN 30052017 198.01980198019805 9.03 3.03
SPI 31052017 123.80952380952381 2.35 1.05
XBIT 01062017 59.919028340080956 11.85 7.41
CLSN 02062017 98.4 4.96 2.5
WINS 05062017 268.34782608695656 105.9 28.75
WINS 06062017 440.03287156609525 230.0 42.59
DCTH 07062017 150.0 0.05 0.02
DCTH 08062017 300.0 0.08 0.02
FMCIW 09062017 104.76190476190477 0.43 0.21
MOSY 12062017 91.48936170212767 54.0 28.2
IMRNW 13062017 57.894736842105274 2.7 1.71
AEMD 14062017 72.04968944099377 2.77 1.61
ADMP 15062017 79.16666666666666 6.45 3.6
ZN 16062017 102.56410256410258 3.95 1.95
DCTH 19062017 274.99999999999994 0.3 0.08
DCTH 20062017 260.0 0.36 0.1
MARA 21062017 164.28571428571425 1.48 0.56
TOPS 22062017 781.25 282.0 32.0
MARA 23062017 129.16666666666669 2.2 0.96
MBRX 26062017 102.7272727272727 2.23 1.1
MBRX 27062017 109.93788819875773 3.38 1.61
SNGXW 28062017 133.33333333333331 0.7 0.3
CHFS 29062017 132.85714285714286 22.82 9.8
OXBRW 30062017 89.65517241379312 0.55 0.29
NHLDW 03072017 42.05607476635513 0.76 0.535
PRPO 04072017 132.72727272727272 422.4 181.5
NDRAW 05072017 171.4285714285714 0.76 0.28
AVGR 06072017 123.25581395348837 384.0 172.0
CDNA 07072017 71.17117117117114 1.9 1.11
DCTH 10072017 66.66666666666669 0.2 0.12
ANY 11072017 2742.3076923076924 3.695 0.13
ANY 12072017 115.16393442622952 5.25 2.44
ANY 13072017 135.71428571428572 6.6 2.8
CYRXW 14072017 60.17441860465116 2.755 1.72
CAPR 17072017 141.79104477611938 16.2 6.7
AEZS 18072017 174.50980392156862 2.8 1.02
AEZS 19072017 122.2972972972973 3.29 1.48
TOPS 20072017 77.33990147783251 72.0 40.6
TOPS 21072017 229.99999999999997 132.0 40.0
BLIN 24072017 490.90909090909093 162.5 27.5
CDNA 25072017 59.64912280701756 1.82 1.14
CAPR 26072017 78.26086956521739 16.4 9.2
KTOVW 27072017 56.250000000000014 0.75 0.48
DVAX 28072017 85.94594594594594 17.2 9.25
NHLDW 31072017 55.55555555555555 0.7 0.45
MTBC 01082017 88.18897637795277 2.39 1.27
TOPS 02082017 1573.913043478261 770.0 46.0
NHLDW 03082017 134.375 0.75 0.32
MYOK 04082017 99.38271604938271 32.3 16.2
MYOK 07082017 56.38297872340425 36.75 23.5
CBLI 08082017 42.06349206349206 3.58 2.52
RKDA 09082017 60.62176165803109 12.4 7.72
APEN 10082017 46.153846153846146 5.51 3.77
FRTA 11082017 73.98119122257053 5.55 3.19
TNDM 14082017 78.40909090909092 0.785 0.44
INPX 15082017 105.26315789473684 468.0 228.0
DCTH 16082017 82.6923076923077 0.19 0.104
DCTH 17082017 60.0 0.24 0.15
VERI 18082017 51.417525773195884 11.75 7.76
VERI 21082017 44.63414634146342 11.86 8.2
ITCI 22082017 44.60829493087557 15.69 10.85
CDNA 23082017 85.08997429305913 3.6 1.945
SHIPW 24082017 61.53846153846153 0.21 0.13
TNDM 25082017 82.08955223880595 1.22 0.67
PAVMW 28082017 79.20000000000002 2.24 1.25
ACHV 29082017 53.84615384615385 42.0 27.3
CTXRW 30082017 63.636363636363626 0.9 0.55
APVO 31082017 94.48818897637796 2.47 1.27
NVCN 01092017 58.333333333333336 1140.0 720.0
INSM 04092017 140.19528071602932 29.52 12.29
MACK 05092017 929.6747967479673 12.665 1.23
EPIX 06092017 80.00000000000001 10.8 6.0
SNGXW 07092017 161.90476190476195 0.55 0.21
PAVMW 08092017 112.51348435814454 1.97 0.927
PAVMW 11092017 231.99999999999997 3.32 1.0
LMFA 12092017 168.4684684684685 29.8 11.1
LMFA 13092017 235.3846153846154 43.6 13.0
MRTX 14092017 161.05263157894737 12.4 4.75
NBRV 15092017 116.25766871165646 14.1 6.52
CAPR 18092017 159.80392156862746 26.5 10.2
DMPI 19092017 118.09523809523807 22.9 10.5
AKTX 20092017 122.11895910780667 11.95 5.38
IZEA 21092017 128.65168539325842 4.07 1.78
IZEA 22092017 222.33502538071065 6.35 1.97
INPX 25092017 159.0909090909091 684.0 264.0
AVGR 26092017 200.0 252.0 84.0
CTXRW 27092017 209.52380952380958 0.65 0.21
ZGNX 28092017 218.22033898305082 37.55 11.8
PETZ 29092017 111.07266435986156 24.4 11.56
CLSN 02102017 309.4594594594595 6.06 1.48
MTBC 03102017 260.26490066225165 5.44 1.51
NETE 04102017 1386.782608695652 8.549 0.575
SLNO 05102017 512.2448979591836 3.0 0.49
RPRX 06102017 181.25000000000003 0.9 0.32
TNDM 09102017 1092.982456140351 6.8 0.57
CASI 10102017 166.66666666666669 4.84 1.815
INFI 11102017 162.23776223776227 3.75 1.43
CHFS 12102017 1858.3333333333333 131.6 6.72
ASTC 13102017 481.97674418604646 5.005 0.86
RCON 16102017 123.4234234234234 2.48 1.11
DRIOW 17102017 170.83333333333334 0.65 0.24
VKTXW 18102017 104.99999999999999 2.05 1.0
VKTXW 19102017 68.42105263157893 2.08 1.235
SNES 20102017 131.33333333333334 3.47 1.5
ATOS 23102017 200.0 18.0 6.0
DRIOW 24102017 154.16666666666669 0.305 0.12
CMLS 25102017 136.0655737704918 0.72 0.305
CMLS 26102017 75.75757575757574 0.58 0.33
MARA 27102017 620.0 7.2 1.0
ANDAW 30102017 116.27906976744187 0.93 0.43
DRIOW 31102017 100.0 0.26 0.13
XBIO 01112017 92.44791666666669 44.34 23.04
TOPS 02112017 229.99999999999997 264.0 80.0
TOPS 03112017 295.6989247311828 368.0 93.0
TOPS 06112017 222.72727272727272 710.0 220.0
SPI 07112017 2149.9999999999995 2.61 0.116
CREG 08112017 461.66666666666674 6.74 1.2
CREG 09112017 651.2 9.39 1.25
EKSO 10112017 120.83333333333333 2.65 1.2
MOSY 13112017 200.0 39.0 13.0
CHFS 14112017 579.1666666666667 342.3 50.4
OPHC 15112017 555.399061032864 13.96 2.13
OPHC 16112017 143.33333333333334 6.57 2.7
ACST 17112017 164.56692913385825 3.36 1.27
EKSO 20112017 138.49999999999997 4.77 2.0
ELTK 21112017 1235.820895522388 8.95 0.67
NDRAW 22112017 70.68965517241381 0.99 0.58
LMFAW 23112017 500.0 0.3 0.05
MARA 24112017 214.42006269592477 40.12 12.76
CETXW 27112017 90.4761904761905 0.4 0.21
CERC 28112017 102.29007633587786 2.65 1.31
MYSZ 29112017 95.71865443425077 1.28 0.654
PXS 30112017 369.3877551020408 9.2 1.96
PXS 01122017 536.4583333333334 12.22 1.92
BRPAR 04122017 124.24242424242422 0.74 0.33
VTGN 05122017 239.74358974358972 2.65 0.78
VTGN 06122017 136.6071428571428 2.65 1.12
SLNO 07122017 111.03448275862068 3.06 1.45
YTEN 08122017 346.9072164948454 8.67 1.94
PTI 11122017 227.83018867924528 6.95 2.12
CPAH 12122017 215.8139534883721 6.79 2.15
SIEB 13122017 162.74944567627495 11.85 4.51
PIXY 14122017 193.8095238095238 6.17 2.1
OXBRW 15122017 199.99999999999994 0.21 0.07
FTFT 18122017 280.92105263157896 5.79 1.52
NETE 19122017 409.79591836734687 24.98 4.9
NXTD 20122017 242.23107569721117 8.59 2.51
SGLB 21122017 231.85185185185185 4.48 1.35
SGLB 22122017 141.3793103448276 3.5 1.45
LMFAW 25122017 200.0 0.09 0.03
WATT 26122017 186.22327790973873 24.1 8.42
WATT 27122017 118.95424836601308 33.5 15.3
KOSS 28122017 155.71428571428575 3.58 1.4
MTP 29122017 235.44303797468356 26.5 7.9
HGSH 02012018 273.33333333333337 4.48 1.2
CNET 03012018 991.7431192660549 11.9 1.09
CNET 04012018 207.60869565217394 8.49 2.76
MYSZ 05012018 240.952380952381 3.58 1.05
INPX 08012018 116.98113207547169 552.0 254.4
AMRHW 09012018 1184.7457627118645 7.58 0.59
PAVMW 10012018 123.2142857142857 1.25 0.56
SHIPW 11012018 250.0 0.21 0.06
EYEGW 12012018 100.0 0.14 0.07
RCON 15012018 214.36950146627564 5.36 1.705
EYEGW 16012018 111.11111111111111 0.19 0.09
SPI 17012018 72.83950617283949 1.4 0.81
FORD 18012018 261.7886178861789 4.45 1.23
LTBR 19012018 132.86713286713288 3.33 1.43
CNET 22012018 43.989071038251346 5.27 3.66
ACHV 23012018 119.17808219178082 32.0 14.6
LMFAW 24012018 1100.0 0.24 0.02
LMFAW 25012018 1850.0 0.39 0.02
LMFAW 26012018 109.79020979020979 0.3 0.143
PAVMW 29012018 225.00000000000006 1.56 0.48
LMFAW 30012018 344.4444444444445 0.4 0.09
LMFAW 31012018 108.33333333333334 0.25 0.12
AKER 01022018 117.24137931034484 0.63 0.29
TOPS 02022018 75.0 70.0 40.0
OXBRW 05022018 88.8888888888889 0.17 0.09
DRIOW 06022018 100.0 0.46 0.23
OXBRW 07022018 72.72727272727273 0.19 0.11
INPX 08022018 89.00709219858155 213.2 112.8
DLPNW 09022018 135.6521739130435 0.271 0.115
CATB 12022018 100.0 23.8 11.9
FOSL 13022018 117.3913043478261 18.0 8.28
GLMD 14022018 103.60110803324099 7.35 3.61
FTFT 15022018 66.66666666666667 4.2 2.52
DRIOW 16022018 50.000000000000014 0.27 0.18
ACHV 19022018 54.22535211267605 21.9 14.2
LMFAW 20022018 112.5 0.17 0.08
ONTXW 21022018 83.33333333333336 0.55 0.3
MYSZ 22022018 64.66165413533832 2.19 1.33
ZSAN 23022018 157.00934579439252 11.0 4.28
ZSAN 26022018 127.42474916387955 10.2 4.485
AYTU 27022018 119.78021978021975 1.0 0.455
TENX 28022018 185.74660633484166 12.63 4.42
TENX 01032018 132.19954648526078 10.24 4.41
LMFAW 02032018 106.25 0.165 0.08
AMTX 05032018 116.9491525423729 1.28 0.59
OXBRW 06032018 157.1428571428571 0.18 0.07
JAGX 07032018 214.28571428571428 462.0 147.0
IMRNW 08032018 178.15384615384613 9.04 3.25
RKDA 09032018 213.62126245847176 18.88 6.02
PTI 12032018 90.4639175257732 7.39 3.88
RKDA 13032018 392.30080572963294 54.99 11.17
RKDA 14032018 259.7837837837838 66.56 18.5
AMTX 15032018 191.58878504672893 3.12 1.07
AMTX 16032018 103.47826086956522 2.34 1.15
PRPO 19032018 272.3404255319149 26.25 7.05
LMFAW 20032018 88.8888888888889 0.17 0.09
OMEX 21032018 290.625 13.75 3.52
MDGS 22032018 77.77777777777776 9.6 5.4
VRNA 23032018 55.111111111111114 24.43 15.75
IMRNW 26032018 167.85714285714283 3.0 1.12
CTXRW 27032018 130.76923076923075 1.2 0.52
ZN 28032018 60.66666666666668 4.82 3.0
PPSI 29032018 38.94736842105262 6.6 4.75
SLS 30032018 209.8550724637681 10.69 3.45
EYEGW 02042018 199.99999999999994 0.06 0.02
TENX 03042018 127.48091603053433 11.92 5.24
DLPNW 04042018 328.57142857142856 0.75 0.175
EYEG 05042018 128.57142857142858 12.0 5.25
HEAR 06042018 139.58333333333334 5.75 2.4
EPIX 09042018 89.99999999999999 3.8 2.0
LEDS 10042018 139.72602739726028 8.75 3.65
EYEGW 11042018 266.6666666666667 0.11 0.03
FTFT 12042018 91.89189189189187 3.55 1.85
LMFAW 13042018 199.99999999999997 0.15 0.05
EYEGW 16042018 185.7142857142857 0.1 0.035
VTVT 17042018 237.9746835443038 2.67 0.79
VTVT 18042018 98.38709677419355 2.46 1.24
EYEGW 19042018 200.0 0.09 0.03
CHEK 20042018 98.47328244274807 7.8 3.93
CHEK 23042018 343.6724565756823 17.88 4.03
CHEK 24042018 156.8831168831169 19.78 7.7
GNPX 25042018 259.1796875 18.39 5.12
GNPX 26042018 203.90492359932085 17.9 5.89
HTBX 27042018 134.5132743362832 2.65 1.13
HTBX 30042018 277.1929824561404 4.3 1.14
IMTE 01052018 1963.0 41.26 2.0
IMTE 02052018 1821.3973799126638 44.0 2.29
CLWT 03052018 236.95652173913047 7.75 2.3
BLNKW 04052018 305.5555555555556 0.73 0.18
BLNKW 07052018 650.0 1.5 0.2
NCTY 08052018 253.5353535353535 3.5 0.99
ONTXW 09052018 341.17647058823525 0.75 0.17
ONTXW 10052018 183.33333333333337 0.34 0.12
BOXL 11052018 148.0 12.4 5.0
CLWT 14052018 118.80341880341882 6.4 2.925
BLNKW 15052018 174.1935483870968 3.4 1.24
CARV 16052018 311.7241379310345 11.94 2.9
CARV 17052018 188.88888888888889 11.7 4.05
SNES 18052018 330.0 1.29 0.3
SNES 21052018 435.2112676056338 1.9 0.355
EYEGW 22052018 100.0 0.08 0.04
CHCI 23052018 225.74257425742576 6.58 2.02
SNGXW 24052018 164.7058823529412 0.45 0.17
JRSH 25052018 28.38801711840229 9.0 7.01
CODX 28052018 130.8641975308642 3.74 1.62
CODX 29052018 185.9756097560976 4.69 1.64
MDGL 30052018 152.67295597484275 273.19 108.12
CODX 31052018 124.15094339622644 5.94 2.65
CHNR 01062018 74.86910994764398 3.34 1.91
AGFSW 04062018 599.9999999999999 0.35 0.05
EYEGW 05062018 171.4285714285714 0.095 0.035
UONE 06062018 99.53596287703017 4.3 2.155
EDAP 07062018 92.7437641723356 4.25 2.205
NNDM 08062018 151.8796992481203 3.35 1.33
GLMD 11062018 296.7741935483871 27.06 6.82
EYEGW 12062018 349.99999999999994 0.09 0.02
AGMH 13062018 135.18796992481202 31.28 13.3
CLPS 14062018 136.2745098039216 12.05 5.1
GEVO 15062018 500.0 21.0 3.5
GEVO 18062018 459.7285067873304 24.74 4.42
CLBS 19062018 184.14634146341467 11.65 4.1
XBIO 20062018 362.8930817610063 88.32 19.08
PAVMW 21062018 66.66666666666669 0.4 0.24
XBIO 22062018 135.4014598540146 77.4 32.88
XBIO 25062018 226.6423357664234 107.4 32.88
DRIOW 26062018 199.99999999999997 0.6 0.2
EYEGW 27062018 349.99999999999994 0.09 0.02
VVPR 28062018 128.08219178082192 3.33 1.46
EARS 29062018 77.63157894736842 27.0 15.2
ONTXW 02072018 3100.0 0.32 0.01
ONTXW 03072018 1500.0 0.32 0.02
KBLMR 04072018 44.44444444444445 0.52 0.36
EYEGW 05072018 66.66666666666669 0.05 0.03
STAF 06072018 312.40875912408757 5.65 1.37
BIOC 09072018 3166.666666666667 4.9 0.15
MTSL 10072018 276.3636363636363 4.14 1.1
IZEA 11072018 195.55555555555557 2.66 0.9
EYEGW 12072018 180.0 0.07 0.025
MTSL 13072018 330.0 6.45 1.5
EYESW 16072018 218.18181818181816 0.7 0.22
AGFSW 17072018 169.2307692307692 0.35 0.13
SMIT 18072018 74.57627118644069 4.12 2.36
NHLDW 19072018 100.0 1.0 0.5
RETA 20072018 69.56521739130434 78.0 46.0
HCCHW 23072018 108.33333333333334 0.75 0.36
OXBRW 24072018 400.0 0.1 0.02
ENTXW 25072018 63.99999999999999 0.82 0.5
AGFSW 26072018 62.5 0.325 0.2
TNXP 27072018 46.06741573033708 130.0 89.0
EYESW 30072018 160.0 0.65 0.25
EYEGW 31072018 250.0 0.07 0.02
CLRBZ 01082018 200.0 0.18 0.06
SGLBW 02082018 136.36363636363637 0.26 0.11
CETXW 03082018 100.0 0.22 0.11
WINS 06082018 313.6227951153324 152.42 36.85
WINS 07082018 100.0 130.0 65.0
CTXR 08082018 180.35714285714283 3.14 1.12
SOLOW 09082018 67677.77777777777 0.61 9.0E-4
AYTU 10082018 2684.0 6.96 0.25
EYEGW 13082018 349.99999999999994 0.09 0.02
LMFA 14082018 116.66666666666666 7.8 3.6
CTXRW 15082018 194.11764705882348 0.5 0.17
ENTXW 16082018 58.730158730158735 1.0 0.63
HCCHW 17082018 141.8604651162791 1.04 0.43
ENTXW 20082018 65.0 0.99 0.6
EYEGW 21082018 166.66666666666669 0.08 0.03
ATLC 22082018 88.57142857142856 3.3 1.75
GLG 23082018 53.96825396825397 4.85 3.15
OBLN 24082018 50.840336134453764 35.9 23.8
FLMNW 27082018 21993.02325581395 1.9 0.0086
AFMD 28082018 90.90909090909089 7.35 3.85
PAVMW 29082018 329.99999999999994 0.43 0.1
EYEGW 30082018 166.66666666666669 0.08 0.03
ENTXW 31082018 53.2258064516129 0.95 0.62
MNKD 03092018 97.27272727272725 2.17 1.1
EYEGW 04092018 133.33333333333337 0.07 0.03
EYEGW 05092018 133.33333333333337 0.07 0.03
CLRBZ 06092018 100.0 0.12 0.06
SOLOW 07092018 64.1025641025641 0.64 0.39
AGRX 10092018 240.74074074074073 0.92 0.27
CLRBZ 11092018 120.0 0.11 0.05
INPX 12092018 85.43046357615893 11.2 6.04
ALT 13092018 3573.4693877551026 9.0 0.245
QTT 14092018 90.65934065934069 17.35 9.1
VKTXW 17092018 153.6973833902162 22.3 8.79
ALT 18092018 328.8056206088993 18.31 4.27
ALT 19092018 735.2534562211982 36.25 4.34
DRIOW 20092018 199.99999999999997 0.15 0.05
AMRN 21092018 332.98611111111114 12.47 2.88
JAGX 24092018 316.66666666666663 175.0 42.0
ANY 25092018 200.0 0.72 0.24
EYEGW 26092018 166.66666666666669 0.08 0.03
SKYS 27092018 110.86956521739131 0.97 0.46
OXBRW 28092018 233.33333333333334 0.1 0.03
VTVT 01102018 169.73684210526315 2.05 0.76
VTVT 02102018 670.8860759493671 6.09 0.79
EYEGW 03102018 219.99999999999997 0.08 0.025
VTVT 04102018 105.99078341013823 4.47 2.17
EARS 05102018 112.5 17.0 8.0
ONTXW 08102018 344.4444444444445 0.2 0.045
ONTXW 09102018 150.0 0.15 0.06
ATXI 10102018 164.4230769230769 5.5 2.08
ATXI 11102018 112.85714285714283 4.47 2.1
EARS 12102018 173.61111111111111 39.4 14.4
FFHL 15102018 115.29411764705884 3.66 1.7
EYEGW 16102018 166.66666666666669 0.08 0.03
PTI 17102018 461.08108108108115 10.38 1.85
LOACR 18102018 1000.0 4.4 0.4
LMFAW 19102018 2366.6666666666665 0.037 0.0015
KTOVW 22102018 100.0 0.6 0.3
SGLB 23102018 111.47540983606558 2.58 1.22
AMRH 24102018 137.87878787878788 0.785 0.33
DRIOW 25102018 100.0 0.28 0.14
SOLOW 26102018 473.3333333333333 1.72 0.3
NDRAW 29102018 51.162790697674424 1.3 0.86
AMRHW 30102018 180.0 0.28 0.1
PXS 31102018 96.80851063829789 3.7 1.88
TRVN 01112018 82.92682926829269 1.5 0.82
CETXW 02112018 100.0 0.08 0.04
ANY 05112018 1009.6774193548387 3.44 0.31
SGLBW 06112018 114.2857142857143 0.45 0.21
AKER 07112018 727.5862068965517 2.4 0.29
APOPW 08112018 557.8947368421053 1.875 0.285
DLPNW 09112018 114.99999999999997 0.172 0.08
DLPNW 12112018 684.3137254901962 0.4 0.051
ANY 13112018 163.97515527950307 4.25 1.61
AMRHW 14112018 166.66666666666669 0.08 0.03
SPI 15112018 1491.304347826087 3.66 0.23
DLPNW 16112018 471.42857142857144 0.4 0.07
DLPNW 19112018 542.8571428571428 0.45 0.07
DRIOW 20112018 214.28571428571428 0.22 0.07
CLRBZ 21112018 64.70588235294117 0.14 0.085
MICT 22112018 128.2051282051282 0.89 0.39
OXBRW 23112018 129.99999999999997 0.046 0.02
OXBRW 26112018 100.0 0.04 0.02
CTXRW 27112018 100.0 0.12 0.06
ADIL 28112018 227.69230769230768 4.26 1.3
BRQS 29112018 335.546875 11.15 2.56
AMRHW 30112018 183.33333333333337 0.085 0.03
LMFAW 03122018 400.0 0.01 0.002
EYESW 04122018 60.00000000000001 0.4 0.25
UXIN 05122018 71.32867132867135 4.9 2.86
OXBRW 06122018 261.81818181818187 0.0199 0.0055
OXBRW 07122018 334.78260869565213 0.03 0.0069
CETXW 10122018 100.0 0.04 0.02
NHLDW 11122018 213.63636363636363 0.69 0.22
OTLK 12122018 192.6829268292683 4.8 1.64
CGIX 13122018 199.99999999999997 0.69 0.23
DFFN 14122018 93.58490566037736 5.13 2.65
OXBRW 17122018 800.0 0.0189 0.0021
MRIN 18122018 122.72727272727273 7.84 3.52
EYEGW 19122018 400.0 0.05 0.01
MICT 20122018 227.5862068965517 0.95 0.29
BLNKW 21122018 194.99999999999997 0.59 0.2
NESRW 24122018 396.1538461538462 1.29 0.26
LMFAW 25122018 423.5294117647059 0.0089 0.0017
LMFAW 26122018 300.0 0.02 0.005
LMFAW 27122018 370.0 0.0094 0.002
KBLMR 28122018 233.33333333333334 0.4 0.12
OXBRW 31122018 542.8571428571428 0.009 0.0014
OXBRW 02012019 1718.181818181818 0.02 0.0011
PHUN 03012019 448.3333333333333 82.25 15.0
AXSM 04012019 241.92307692307696 8.89 2.6
CLPS 07012019 265.35087719298247 8.33 2.28
ORGO 08012019 2291.5384615384614 310.9 13.0
ORGO 09012019 1447.8846153846155 241.47 15.6
PHUN 10012019 108.91999999999999 156.69 75.0
MBOT 11012019 363.7168141592921 10.48 2.26
MBOT 14012019 377.83251231527095 19.4 4.06
TBLT 15012019 344.0 5.55 1.25
LMFAW 16012019 650.0 0.15 0.02
OXBRW 17012019 322.22222222222223 0.019 0.0045
MOXC 18012019 82.05128205128204 3.55 1.95
OXBRW 21012019 185.71428571428572 0.02 0.007
SPI 22012019 308.6021505376344 3.8 0.93
SPI 23012019 149.56521739130437 2.87 1.15
EYEGW 24012019 233.33333333333334 0.05 0.015
AMRHW 25012019 200.0 0.09 0.03
HCCHR 28012019 186.66666666666669 0.86 0.3
CODX 29012019 292.70833333333337 3.77 0.96
LMFAW 30012019 150.0 0.05 0.02
IMTE 31012019 134.6283783783784 13.89 5.92
ZKIN 01022019 158.02469135802465 4.18 1.62
WORX 04022019 329.811320754717 11.39 2.65
AMRHW 05022019 200.0 0.09 0.03
APOP 06022019 125.29411764705883 3.83 1.7
CETXW 07022019 150.0 0.05 0.02
NDRAW 08022019 134.375 0.75 0.32
AGFSW 11022019 160.0 0.13 0.05
SOLO 12022019 248.81889763779523 4.43 1.27
SOLOW 13022019 486.2068965517241 1.7 0.29
SKYS 14022019 192.59259259259258 1.58 0.54
SKYS 15022019 66.15384615384616 1.08 0.65
ARTW 18022019 97.40932642487049 3.81 1.93
ABIO 19022019 155.26315789473685 17.46 6.84
ZSAN 20022019 205.04587155963304 6.65 2.18
ACHV 21022019 192.90322580645162 4.54 1.55
TTNP 22022019 75.00000000000003 2.45 1.4
MTP 25022019 583.3333333333333 8.2 1.2
MTP 26022019 738.4615384615385 10.9 1.3
CREXW 27022019 104.54545454545455 0.45 0.22
BPTH 28022019 346.4646464646465 8.84 1.98
BPTH 01032019 190.18867924528305 7.69 2.65
PETZ 04032019 323.7288135593221 2.5 0.59
EYEGW 05032019 289.06249999999994 0.0498 0.0128
BPTH 06032019 963.9652677279305 73.52 6.91
CREXW 07032019 304.0431266846361 0.4497 0.1113
CTRM 08032019 280.0 19.0 5.0
VVPR 11032019 189.7102897102897 3.19 1.1011
AKTX 12032019 286.51685393258424 6.88 1.78
OXBRW 13032019 601.7543859649122 0.04 0.0057
SLNO 14032019 356.7567567567567 5.07 1.11
DARE 15032019 277.6435045317221 3.25 0.8606
AMRHW 18032019 216.45569620253164 0.1 0.0316
AMRHW 19032019 150.0 0.1 0.04
CTXRW 20032019 282.84839203675347 0.5 0.1306
PHUNW 21032019 186.62031955116478 2.35 0.8199
DLPNW 22032019 127.74869109947645 0.087 0.0382
CTRM 25032019 134.8888888888889 10.57 4.5
CTRM 26032019 307.488986784141 18.5 4.54
CPLP 27032019 436.036036036036 11.9 2.22
CLRBZ 28032019 113.86138613861385 0.0648 0.0303
PULM 29032019 150.83333333333334 3.01 1.2
AVEO 01042019 140.25974025974025 1.85 0.77
OPTT 02042019 252.17391304347828 16.2 4.6
DLPNW 03042019 119.5121951219512 0.09 0.041
TWMC 04042019 101.86803253992167 13.4 6.638
PRPO 05042019 147.38955823293176 4.62 1.8675
KBLMR 08042019 130.69999999999996 0.2307 0.1
INPX 09042019 137.30169310758566 1.78 0.7501
DRIOW 10042019 443.47826086956525 0.125 0.023
PHUNW 11042019 142.7586206896552 1.76 0.725
CREXW 12042019 124.24242424242422 0.74 0.33
CREXW 15042019 321.1469534050178 0.47 0.1116
IPWR 16042019 155.69620253164555 10.1 3.95
MBIO 17042019 293.82239382239385 10.2 2.59
PAVMW 18042019 77.21012883163037 0.3989 0.2251
MBRX 19042019 183.78378378378378 3.15 1.11
AKTX 22042019 61.53846153846153 5.04 3.12
MTP 23042019 87.37864077669903 3.86 2.06
LMFAW 24042019 214.28571428571428 0.022 0.007
AMRHW 25042019 61.290322580645174 0.05 0.031
ATHE 26042019 96.15384615384613 2.55 1.3
NOVN 29042019 162.1212121212121 1.73 0.66
ABIO 30042019 157.080696992076 12.88 5.0101
ABIO 01052019 292.5143953934741 20.45 5.21
DFFN 02052019 64.82084690553745 5.06 3.07
AMTX 03052019 113.72894141312545 1.7 0.7954
LMFAW 06052019 116.66666666666666 0.0156 0.0072
WKHS 07052019 243.20987654320984 2.78 0.81
WKHS 08052019 298.7804878048781 3.27 0.82
GENE 09052019 130.28713015595395 6.32 2.7444
APOPW 10052019 136.96682464454977 0.05 0.0211
EYEGW 13052019 203.2 0.0379 0.0125
AGFSW 14052019 185.71428571428567 0.06 0.021
APOPW 15052019 454.2 0.2771 0.05
AGFSW 16052019 164.9006622516556 0.08 0.0302
OTLKW 17052019 219.99999999999997 0.48 0.15
PAVMW 20052019 289.34043970686207 0.5844 0.1501
PAVMW 21052019 590.5367231638419 0.4889 0.0708
AGFSW 22052019 114.9006622516556 0.0649 0.0302
CYCC 23052019 68.34461132200033 1.02 0.6059
AGFSW 24052019 40.84507042253521 0.03 0.0213
SOLY 27052019 161.60558464223385 14.99 5.73
ELTK 28052019 466.2337662337663 8.72 1.54
ELTK 29052019 351.5625 11.56 2.56
DMPI 30052019 273.37662337662334 5.75 1.54
EYEGW 31052019 475.6666666666667 0.1727 0.03
EYEGW 03062019 144.00000000000003 0.0732 0.03
RWLK 04062019 220.00000000000003 10.08 3.15
LJPC 05062019 115.26717557251906 11.28 5.24
NHLDW 06062019 178.52650494159928 0.31 0.1113
PRVB 07062019 470.5 22.82 4.0
CLRBZ 10062019 233.33333333333334 0.07 0.021
ENTXW 11062019 743.8818565400843 0.6 0.0711
CIH 12062019 841.1764705882354 3.2 0.34
CLRBZ 13062019 170.27027027027026 0.06 0.0222
AMRHW 14062019 188.5821831869511 0.23 0.0797
ENTXW 17062019 180.95238095238096 0.59 0.21
KERN 18062019 353.3333333333333 50.32 11.1
KERN 19062019 263.25 72.65 20.0
AMRHW 20062019 185.66666666666666 0.0857 0.03
VVPR 21062019 155.3921568627451 2.605 1.02
OXBRW 24062019 255.2380952380952 0.0746 0.021
IEAWW 25062019 309.0909090909091 0.09 0.022
CETXW 26062019 809.0909090909091 0.1 0.011
LMFAW 27062019 330.86419753086426 0.0349 0.0081
IEAWW 28062019 500.0 0.15 0.025
LMFAW 01072019 468.75 0.0455 0.008
FCEL 02072019 225.09752925877766 1.0 0.3076
KPTI 03072019 47.044628099173565 8.8962 6.05
LOACW 04072019 108.7114337568058 0.23 0.1102
SNGXW 05072019 168.80597014925374 0.1801 0.067
SHIPW 08072019 103.53982300884957 0.023 0.0113
VISL 09072019 409.5541401273885 8.0 1.57
IMACW 10072019 268.1818181818182 0.81 0.22
EYEGW 11072019 273.13432835820896 0.05 0.0134
CAPR 12072019 176.01047904191617 8.85 3.2064
DLPNW 15072019 200.0 0.09 0.03
ENTXW 16072019 373.5964912280702 0.5399 0.114
DRIOW 17072019 636.6071428571429 0.0825 0.0112
EYEGW 18072019 1197.709923664122 0.17 0.0131
LMFA 19072019 69.03135400245228 1.93 1.1418
SHIPZ 22072019 266.6666666666667 0.22 0.06
APOPW 23072019 564.451827242525 0.2 0.0301
LMFAW 24072019 269.1358024691358 0.0299 0.0081
KBLMW 25072019 147.5247524752475 0.25 0.101
PETZ 26072019 137.87878787878788 1.57 0.66
AGBAR 29072019 480.0 1.16 0.2
EYEGW 30072019 164.53488372093022 0.0455 0.0172
JFKKR 31072019 1393.0555555555554 0.43 0.0288
MCEP 01082019 124.20313344138305 0.83 0.3702
PHUNW 02082019 295.0 0.79 0.2
TTOO 05082019 75.55373256767842 1.07 0.6095
DSKEW 06082019 172.72727272727272 0.15 0.055
LMFAW 07082019 260.2409638554217 0.0299 0.0083
IMRNW 08082019 157.4977279612239 0.85 0.3301
SHIPZ 09082019 221.4285714285714 0.45 0.14
MTC 12082019 465.677966101695 13.35 2.36
USEG 13082019 225.14450867052025 0.45 0.1384
IEAWW 14082019 263.6363636363637 0.04 0.011
PSTV 15082019 339.99999999999994 16.72 3.8
AGFSW 16082019 332.5581395348837 0.0186 0.0043
CETX 19082019 136.89877961234745 3.3 1.393
DRIOW 20082019 145.49999999999997 0.0491 0.02
PHIOW 21082019 236.1344537815126 0.04 0.0119
FFHL 22082019 259.0425531914894 6.75 1.88
FFHL 23082019 126.07361963190186 7.37 3.26
AGFSW 26082019 282.22222222222223 0.0172 0.0045
IMACW 27082019 274.99999999999994 1.2 0.32
IMACW 28082019 140.38461538461542 1.0 0.416
APOPW 29082019 794.3396226415093 0.1896 0.0212
TOTAW 30082019 100.0 0.14 0.07
EYEGW 02092019 424.0601503759398 0.0697 0.0133
EYEGW 03092019 305.2325581395349 0.0697 0.0172
ARTLW 04092019 113.6672629695885 0.5972 0.2795
AGFSW 05092019 249.0196078431372 0.0178 0.0051
OXBRW 06092019 131.99999999999997 0.0696 0.03
FRAN 09092019 132.46753246753246 10.74 4.62
CLRBZ 10092019 166.66666666666669 0.06 0.0225
CLRBZ 11092019 157.2347266881029 0.08 0.0311
MTSL 12092019 139.63963963963963 2.66 1.11
WINS 13092019 242.61241970021413 32.0 9.34
AMRHW 16092019 132.66666666666669 0.0698 0.03
GHSI 17092019 135.52238805970148 0.789 0.335
EYEGW 18092019 199.23076923076923 0.0389 0.013
AGFSW 19092019 235.8490566037736 0.0178 0.0053
AGFSW 20092019 220.7547169811321 0.017 0.0053
CETXW 23092019 187.12871287128715 0.029 0.0101
CETXW 24092019 283.0188679245283 0.0203 0.0053
BCDAW 25092019 85.71428571428574 1.3 0.7
USWSW 26092019 100.93770931011387 0.3 0.1493
TOTAW 27092019 112.5 0.17 0.08
FVE 30092019 878.4300644874362 4.4 0.4497
PNTG 01102019 190.73170731707313 17.88 6.15
KERNW 02102019 115.33161068044788 0.75 0.3483
TTNP 03102019 144.21401907922024 0.5888 0.2411
BNGOW 04102019 210.38599283724628 0.78 0.2513
IMRNW 07102019 711.3035551504101 0.89 0.1097
CLRBZ 08102019 100.0 0.12 0.06
AMRHW 09102019 171.60493827160494 0.11 0.0405
OXBRW 10102019 132.66666666666669 0.0698 0.03
BIMI 11102019 683.1999999999999 9.79 1.25
AEMD 14102019 1830.4347826086957 4.44 0.23
BNGO 15102019 840.0 4.7 0.5
TBLTW 16102019 179.99999999999997 0.0168 0.006
BNGO 17102019 208.5271317829457 3.98 1.29
SFET 18102019 2388.188976377953 15.8 0.635
CPST 21102019 1064.0 2.91 0.25
APOP 22102019 597.211155378486 2.8 0.4016
THCBW 23102019 223.80952380952385 0.68 0.21
CGIX 24102019 3761.003861003861 4.0 0.1036
XNET 25102019 158.7121212121212 6.83 2.64
POAI 28102019 1040.440799589954 4.45 0.3902
ENTXW 29102019 426.76837725381415 0.3798 0.0721
AGRX 30102019 315.54236373448464 1.54 0.3706
APDN 31102019 4698.214285714285 8.061 0.168
PHUNW 01112019 106.25 0.33 0.16
SGLBW 04112019 485.9375 0.15 0.0256
AMRHW 05112019 378.46889952153117 0.1 0.0209
CNST 06112019 109.375 33.5 16.0
SLS 07112019 4709.220985691573 6.05 0.1258
XBIOW 08112019 813799.9999999999 0.8139 1.0E-4
APDN 11112019 368.80952380952385 19.69 4.2
DRIOW 12112019 178.84615384615387 0.029 0.0104
TBLTW 13112019 154.90196078431367 0.013 0.0051
ALIM 14112019 1825.9259259259256 5.2 0.27
DRIO 15112019 2519.164619164619 5.33 0.2035
MYSZ 18112019 1374.0740740740741 3.98 0.27
CGIX 19112019 288.87779552715654 7.79 2.0032
WAFU 20112019 395.2774029684896 6.24 1.2599
ASLN 21112019 684.2105263157895 2.98 0.38
AKER 22112019 2671.9101123595506 7.401 0.267
SNDE 25112019 1185.7142857142856 13.5 1.05
ORSNW 26112019 742.1428571428572 0.5895 0.07
OTLKW 27112019 116.66666666666667 0.13 0.06
ASLN 28112019 204.74137931034483 7.07 2.32
CTXRW 29112019 466.5362035225049 0.2895 0.0511
ONTXW 02122019 405.050505050505 0.05 0.0099
EYEGW 03122019 292.00000000000006 0.049 0.0125
NMRD 04122019 937.6687988628287 5.84 0.5628
FWP 05122019 630.8641975308641 5.92 0.81
OXBRW 06122019 593.6936936936937 0.077 0.0111
TCCO 09122019 463.9784946236559 10.49 1.86
CTIB 10122019 181.25535928657177 1.64 0.5831
IMBI 11122019 941.8604651162793 4.48 0.43
NHLDW 12122019 191.96078431372555 0.1489 0.051
PIXY 13122019 3796.296296296296 7.89 0.2025
ENTXW 16122019 139.0438247011952 0.12 0.0502
INPX 17122019 347.3684210526316 0.17 0.038
ASNA 18122019 1833.3333333333333 8.99 0.465
NAKD 19122019 12073.91304347826 2.8 0.023
NVFY 20122019 363.4760705289672 1.84 0.397
QUIK 23122019 1325.016611295681 4.2893 0.301
HJLIW 24122019 450.45871559633025 0.12 0.0218
PAVMW 25122019 249.65034965034965 0.2 0.0572
RCON 26122019 446.0845732184808 2.7894 0.5108
FSRVW 27122019 799.0909090909091 0.989 0.11
USWSW 30122019 366.66666666666674 0.14 0.03
TBLTW 31122019 458.0 0.0279 0.005
INPX 02012020 357.7464788732395 0.65 0.142
USEG 03012020 1415.151515151515 5.0 0.33
INPX 06012020 5802.649414664203 9.58 0.1623
AGFSW 07012020 375.7575757575757 0.0157 0.0033
TBLTW 08012020 300.0 0.06 0.015
CPAH 09012020 349.54035761188004 4.45 0.9899
LMFAW 10012020 2000.0 0.063 0.003
DLPNW 13012020 2138.4615384615386 0.0291 0.0013
PHIO 14012020 5805.027932960894 10.57 0.179
YTEN 15012020 4371.490683229813 7.1991 0.161
OXBRW 16012020 327.1428571428571 0.0598 0.014
LMFAW 17012020 270.5882352941176 0.0189 0.0051
GNPX 20012020 383.3333333333333 1.74 0.36
ENTXW 21012020 317.4228675136116 0.23 0.0551
SRRA 22012020 4069.1047396138097 14.25 0.3418
SHIPW 23012020 187.87878787878788 0.0095 0.0033
LLIT 24012020 358.16409423233137 2.82 0.6155
GURE 27012020 418.796992481203 3.45 0.665
CTXRW 28012020 259.2203898050974 0.7188 0.2001
ENTXW 29012020 419.71428571428567 0.3638 0.07
HJLIW 30012020 942.8571428571427 0.73 0.07
HJLIW 31012020 477.7777777777778 0.52 0.09
CFRX 03022020 1073.611111111111 8.45 0.72
SNES 04022020 3440.5572755417957 11.436 0.323
SGBX 05022020 2827.2030651340992 3.82 0.1305
OXBRW 06022020 1328.5714285714282 0.5 0.035
BLPH 07022020 1559.2592592592596 4.48 0.27
LMFAW 10022020 1161.904761904762 0.053 0.0042
NVIV 11022020 3763.487738419619 8.5074 0.2202
LMFAW 12022020 386.27450980392155 0.0248 0.0051
SUMR 13022020 372.3809523809524 1.24 0.2625
SUMR 14022020 256.25222657641615 1.0 0.2807
BLPH 17022020 249.27113702623907 11.98 3.43
LMFAW 18022020 346.8468468468468 0.0496 0.0111
AVEO 19022020 1081.657848324515 6.03 0.5103
LMFAW 20022020 207.6923076923077 0.04 0.013
PAVMW 21022020 500.0 4.5 0.75
APOPW 24022020 501.0 0.0601 0.01
CLRBZ 25022020 375.0 0.19 0.04
AHPI 26022020 424.8538011695906 17.95 3.42
SGLB 27022020 1172.7272727272727 7.0 0.55
HTBX 28022020 329.05899561189665 0.88 0.2051
MTP 02032020 632.3383084577116 3.68 0.5025
CTRM 03032020 184.61959496442256 2.6 0.9135
FSRVW 04032020 900.0 1.1 0.11
DRAD 05032020 201.57268106300958 8.84 2.9313
IMRNW 06032020 616.3636363636363 3.94 0.55
AYTU 09032020 792.0047732696898 2.99 0.3352
BKYI 10032020 380.16701461377863 2.3 0.479
SPCB 11032020 255.45023696682466 1.5 0.422
GPOR 12032020 682.8571428571429 2.74 0.35
SUMR 13032020 570.8343237461373 2.8222 0.4207
ENT 16032020 590.7894736842104 0.42 0.0608
BMRA 17032020 431.7073170731708 10.9 2.05
WTRH 18032020 400.0000000000001 4.4 0.88
USAU 19032020 1165.2222222222224 4.5548 0.36
THWWW 20032020 630.0 1.46 0.2
IMAC 23032020 1070.212765957447 4.95 0.423
EKSO 24032020 1595.0 3.39 0.2
THWWW 25032020 478800.0 0.4789 1.0E-4
APVO 26032020 1697.0479704797046 4.87 0.271
TOPS 27032020 675.0 0.62 0.08
SGBX 30032020 412.63157894736844 9.74 1.9
ARTLW 31032020 1000.0 0.6644 0.0604
MDGSW 01042020 825.925925925926 0.2 0.0216
APOPW 02042020 338.3561643835617 0.16 0.0365
HCCHR 03042020 712.5 0.13 0.016
SHIPW 06042020 400.0 0.015 0.003
LMFAW 07042020 493.99999999999994 0.0297 0.005
WISA 08042020 3017.9138321995465 5.5 0.1764
KBLMR 09042020 132.824427480916 0.061 0.0262
MCEP 10042020 2154.335260115607 3.9 0.173
ONTXW 13042020 582.1705426356589 0.088 0.0129
CYCC 14042020 3068.097479922459 11.44 0.3611
ENT 15042020 3159.2592592592596 4.4 0.135
HCCHR 16042020 619.9999999999999 0.288 0.04
AVCTW 17042020 719.9999999999999 0.41 0.05
TRMD 20042020 568.3994528043775 48.86 7.31
OTLKW 21042020 349.30015552099536 0.2889 0.0643
XBIOW 22042020 1077.2727272727275 0.1554 0.0132
AXAS 23042020 274.1496598639456 0.55 0.147
LMFAW 24042020 582.8571428571429 0.0239 0.0035
KTOVW 27042020 28900.0 0.029 1.0E-4
CREXW 28042020 818.2857142857141 1.2856 0.14
XELA 29042020 175.609756097561 0.565 0.205
MDGSW 30042020 348.90510948905103 1.23 0.274
KTOVW 01052020 305.4054054054054 0.09 0.0222
CLSK 04052020 263.99999999999994 4.55 1.25
AGFSW 05052020 880.0000000000001 0.049 0.005
AGFSW 06052020 431.9148936170213 0.05 0.0094
AGFSW 07052020 281.6793893129771 0.05 0.0131
APOPW 08052020 875.609756097561 0.4 0.041
AMRHW 11052020 430.0 0.0583 0.011
AMRHW 12052020 360.00000000000006 0.069 0.015
FMCIW 13052020 540.0 1.28 0.2
ADILW 14052020 465.9649122807018 0.6452 0.114
PHIOW 15052020 304.4776119402985 0.0813 0.0201
NNDM 18052020 424.57716701902746 3.97 0.7568
RMBL 19052020 3121.95652173913 14.821 0.46
PHIOW 20052020 711.1111111111112 0.73 0.09
RAND 21052020 941.9117647058822 14.17 1.36
FLMNW 22052020 188.46153846153848 0.15 0.052
MTC 25052020 163.6363636363636 2.9 1.1
LSACW 26052020 450.0 2.75 0.5
TLGT 27052020 1550.0 5.94 0.36
LSACW 28052020 2299.9999999999995 1.2 0.05
CETXW 29052020 1033.3333333333335 0.34 0.03
AMRHW 01062020 1366.6666666666667 0.44 0.03
ROSEU 02062020 396.7741935483871 1.54 0.31
ROSEU 03062020 1430.9246785058174 7.5 0.4899
OPESW 04062020 493.72915276851234 0.89 0.1499
AIRTW 05062020 1738.0597014925374 0.7389 0.0402
IMRNW 08062020 3452.3809523809527 11.19 0.315
JFIN 09062020 1187.5536480686696 30.0 2.33
GRPN 10062020 1641.6058394160582 23.86 1.37
CHNR 11062020 610.4210773935545 6.04 0.8502
UONE 12062020 444.1558441558442 8.38 1.54
UONE 15062020 1994.1311973195122 40.0 1.9101
CARV 16062020 988.6255924170616 22.97 2.11
LGHLW 17062020 369.5652173913044 0.54 0.115
INSUW 18062020 471.42285714285714 9.9999 1.75
SINT 19062020 317.3333333333333 3.13 0.75
LMFAW 22062020 719.2 0.2048 0.025
WINS 23062020 311.8193883966233 76.64 18.6101
USWSW 24062020 527.2727272727275 0.069 0.011
VXRT 25062020 314.49275362318843 14.3 3.45
LCAHW 26062020 1779.5974025974026 14.4729 0.77
SHIP 29062020 1448.3870967741937 2.4 0.155
ALTM 30062020 2438.181818181818 13.96 0.55
ROSEW 01072020 250.0 0.035 0.01
NESRW 02072020 86.96442482472084 0.72 0.3851
UMRX 03072020 504.7661870503598 2.69 0.4448
UMRX 06072020 465.7237936772047 3.4 0.601
AIHS 07072020 181.69014084507037 2.26 0.8023
AIRTW 08072020 123.33333333333336 0.067 0.03
JAKK 09072020 1077.4193548387095 7.3 0.62
EQ 10072020 795.6953642384107 27.05 3.02
INMB 13072020 221.31578947368422 24.42 7.6
GENE 14072020 370.3196347031964 10.3 2.19
IMACW 15072020 538.5068762278978 0.325 0.0509
SCYX 16072020 1008.3416417414422 6.67 0.6018
IMRN 17072020 230.45685279187816 19.53 5.91
MTP 20072020 397.887323943662 7.07 1.42
KGJI 21072020 177.7777777777778 1.46 0.5256
ENTXW 22072020 292.08924949290054 0.5799 0.1479
METXW 23072020 533.3333333333334 0.38 0.06
SQBG 24072020 3656.60606060606 6.1984 0.165
KLXE 27072020 424.0 10.48 2.0
KNDI 28072020 155.64304461942257 9.74 3.81
TAOP 29072020 4571.441918405481 15.0 0.3211
ACHV 30072020 3048.275862068966 18.26 0.58
VISL 31072020 564.1682281907141 3.19 0.4803
SSNT 03082020 408.3333333333333 13.42 2.64
BFRA 04082020 882.1428571428571 55.0 5.6
AVCTW 05082020 333.33333333333326 1.69 0.39
ADXN 06082020 222.83044518249562 37.52 11.6222
TOPS 07082020 1835.483870967742 1.74 0.0899
OXBRW 10082020 1122.2222222222224 0.55 0.045
BFRA 11082020 235.68000000000004 41.96 12.5
HX 12082020 304.69973890339423 2.48 0.6128
OXBRW 13082020 669.2307692307693 0.4 0.052
TYHT 14082020 963.7254901960786 4.34 0.408
